-754782 
165686 
218360 
167545 
168749 
169549 
162213 
169366 
164505 
186379 
8677 
8131 
13822 
10606 
20114 
-749911 
24472 
39799 
24006 
36282 
109539 
-445129 
469265 
441807 
407550 
425030 
-618421 
386666 
391006 
339885 
295933 
245946 
240023 
509735 
-347173 
-444 
-402 
-546264 
-534051 
-526575 
8334 
8250 
51209 
8556 
52754 
8346 
28800 
-743765 
26418 
44807 
8118 
48629 
33523 
25448 
52270 
44168 
9382 
12233 
62954 
23882 
33414 
11799 
16783 
16006 
16474 
42129 
11758 
-991594 
53807 
33714 
18321 
12303 
11417 
33430 
7794 
8124 
8030 
7942 
8038 
7702 
7976 
11365 
8807 
58858 
40121 
83045 
17922 
65175 
128608 
-903783 
46294 
8198 
7910 
8239 
24861 
8157 
28752 
17571 
30123 
28719 
11733 
9995 
12390 
7480 
11130 
10877 
58754 
12402 
21523 
11024 
9339 
8488 
8924 
33628 
35589 
9518 
11419 
7980 
8614 
7547 
8078 
8026 
7754 
9820 
-986453 
8060 
11078 
8053 
26838 
8125 
9095 
8350 
13065 
8660 
8001 
17811 
7889 
10965 
8063 
12574 
7862 
7773 
7553 
8096 
8748 
7823 
9934 
8099 
8187 
8362 
35540 
7806 
7972 
7798 
35797 
28671 
21809 
9579 
9641 
10523 
9700 
12701 
12306 
10311 
13650 
9713 
9949 
9339 
34748 
9522 
9551 
35332 
9261 
18302 
9219 
9994 
9713 
66724 
26305 
28203 
11994 
14593 
22340 
14914 
31296 
13768 
31792 
12009 
15280 
11883 
9892 
9174 
9376 
45310 
86004 
49262 
18322 
103830 
91270 
7963 
14447 
14921 
62989 
45363 
7647 
7698 
8248 
8082 
8113 
8293 
7836 
7912 
8877 
19277 
9452 
10985 
70713 
17926 
